0 0
123 0
0 456
1 1
9 9
10 10
12 34
99 99
123 456
1000 1000
1234 5678
9999 9999
12345 67890
1010101 2020202
987654321 123456789
1000000000 1000000000
9999999999999999 9999999999999999
12345678901234567890 98765432109876543210
99999999999999999999999999999999999999999999999999 99999999999999999999999999999999999999999999999999
12345678901234567890123456789012345678901234567890 98765432109876543210987654321098765432109876543210
1234567890123456789012345678901234567890 7
9000000000000000000000000000000000000000 1000
701408733 1134903170
999999999999999999999999999999212312312312312312312312399999999999999999999 9999999999999999999999999999999999999999912312312317263871263781628736178999999999